	0
	19
	21
	23
	26
	28
	30
	33
	35
	37
	39
	42
	44
	46
	49
	51
	53
	56
	58
	60
	62
	65
	67
	70
	72
	74
	76
	79
	81
	83
	86
	88
	90
	93
	95
	97
	99
	102
	104
	106
	109
	111
	113
	116
	118
	120
	123
	125
	127
	130
	132
	134
	136
	139
	141
	143
	146
	148
	150
	153
	155
	157
	160
	162
	164
	166
	169
	171
	174
	176
	178
	180
	183
	185
	187
	190
	192
	194
	197
	199
	201
	204
	206
	208
	211
	213
	215
	217
	220
	222
	224
	227
	229
	231
	234
	236
	238
	241
	243
	245
	247
	250
	252
	255
	257
	259
	261
	264
	266
	268
	271
	273
	275
	278
	280
	282
	285
	287
	289
	292
	294
	296
	298
	301
	303
	305
	308
	310
	312
	315
	317
	319
	322
	324
	326
	328
	331
	333
	336
	338
	340
	342
	345
	347
	349
	352
	354
	356
	359
	361
	363
	366
	368
	370
	373
	375
	377
	379
	382
	384
	386
	389
	391
	393
	396
	398
	400
	403
	405
	407
	409
	412
	414
	417
	419
	421
	423
	426
	428
	430
	433
	435
	437
	440
	442
	444
	447
	449
	451
	453
	456
	458
	460
	463
	465
	467
	470
	472
	474
	477
	479
	481
	484
	486
	488
	490
	493
	495
	498
	500
	502
	504
	507
	509
	511
	514
	516
	518
	521
	523
	525
	528
	530
	532
	534
	537
	539
	541
	544
	546
	548
	551
	553
	555
	558
	560
	562
	565
	567
	569
	571
	574
	576
	579
	581
	583
	585
	588
	590
	592
	595
	597
	602
	604
	607
	609
	611
	613
	616
	618
	620
	624
	626
	628
	631
	633
	635
	637
	640
	642
	645
	647
	649
	651
	654
	656
	658
	661
	663
	665
	668
	670
	672
	675
	677
	679
	681
	684
	686
	688
	691
	693
	695
	698
	700
	702
	705
	707
	709
	712
	714
	716
	718
	721
	723
	726
	728
	730
	732
	735
	737
	739
	742
	744
	746
	749
	751
	753
	756
	758
	760
	762
	765
	767
	769
	772
	774
	776
	779
	781
	783
	786
	788
	790
	793
	795
	797
	799
	802
	804
	807
	809
	811
	813
	816
	818
	820
	823
	825
	827
	830
	832
	834
	837
	839
	841
	843
	846
	848
	850
	853
	855
	857
	860
	862
	864
	866
	869
	877
	880
	882
	884
	886
	889
	891
	893
	896
	898
	900
	903
	905
	907
	910
	912
	914
	917
	919
	921
	923
	926
	928
	931
	933
	935
	937
	940
	942
	944
	947
	949
	951
	954
	956
	958
	961
	963
	965
	967
	970
	972
	974
	977
	979
	981
	984
	986
	988
	990
	993
	995
	998
	1000
	1002
	1004
	1007
	1009
	1012
	1014
	1016
	1018
	1021
	1023
	1025
	1028
	1030
	1032
	1035
	1037
	1039
	1042
	1044
	1046
	1049
	1051
	1053
	1056
	1058
	1060
	1063
	1065
	1067
	1069
	1072
	1074
	1076
	1079
	1081
	1083
	1086
	1088
	1090
	1093
	1095
	1097
	1100
	1102
	1104
	1107
	1109
	1111
	1113
	1116
	1118
	1121
	1123
	1125
	1127
	1130
	1132
	1135
	1137
	1139
	1141
	1144
	1146
	1148
	1151
	1153
	1155
	1158
	1160
	1162
	1165
	1167
	1169
	1172
	1174
	1176
	1179
	1181
	1183
	1186
	1188
	1190
	1192
	1195
	1197
	1199
	1202
	1204
	1206
	1209
	1211
	1213
	1216
	1218
	1220
	1223
	1225
	1227
	1230
	1232
	1234
	1237
	1239
	1241
	1244
	1246
	1248
	1250
	1253
	1255
	1258
	1260
	1262
	1264
	1267
	1269
	1271
	1274
	1276
	1278
	1281
	1283
	1285
	1288
	1290
	1292
	1294
	1297
	1299
	1302
	1304
	1306
	1308
	1311
	1313
	1315
	1318
	1320
	1322
	1325
	1327
	1329
	1332
	1334
	1336
	1339
	1341
	1343
	1346
	1348
	1350
	1353
	1355
	1357
	1360
	1362
	1364
	1367
	1369
	1371
	1373
	1376
	1378
	1381
	1383
	1385
	1387
	1390
	1392
	1394
	1397
	1399
	1401
	1404
	1406
	1408
	1411
	1413
	1415
	1418
	1420
	1422
	1425
	1427
	1429
	1432
	1434
	1436
	1438
	1441
	1443
	1445
	1448
	1450
	1452
	1455
	1457
	1459
	1462
	1464
	1466
	1469
	1471
	1473
	1476
	1478
	1480
	1483
	1485
	1487
	1490
	1492
	1494
	1496
	1499
	1501
	1504
	1506
	1508
	1510
	1513
	1515
	1517
	1520
	1522
	1524
	1527
	1529
	1531
	1907
	1910
	1912
	1914
	1917
	1919
	1921
	1924
	1926
	1928
	1931
	1933
	1935
	1938
	1940
	1942
	1945
	1947
	1949
	1951
	1954
	1956
	1958
	1961
	1963
	1965
	1968
	1970
	1972
	1975
	1977
	1979
	1982
	1984
	1986
	1989
	1991
	1993
	1996
	1998
	2000
	2003
	2005
	2007
	2009
	2012
	2014
	2017
	2019
	2021
	2023
	2026
	2028
	2030
	2033
	2035
	2037
	2040
	2042
	2044
	2047
	2049
	2051
	2054
	2056
	2058
	2061
	2063
	2065
	2068
	2070
	2072
	2074
	2077
	2079
	2082
	2084
	2086
	2088
	2091
	2093
	2095
	2098
	2100
	2102
	2105
	2107
	2109
	2112
	2114
	2116
	2119
	2121
	2123
	2126
	2128
	2130
	2132
	2135
	2137
	2140
	2142
	2144
	2146
	2149
	2151
	2153
	2156
	2158
	2160
	2163
	2165
	2167
	2170
	2172
	2174
	2177
	2179
	2188
	2190
	2192
	2194
	2197
	2199
	2202
	2204
	2206
	2208
	2211
	2213
	2215
	2218
	2220
	2222
	2225
	2227
	2229
	2232
	2234
	2236
	2238
	2241
	2243
	2246
	2248
	2250
	2252
	2255
	2257
	2260
	2262
	2264
	2266
	2269
	2271
	2273
	2276
	2278
	2280
	2283
	2285
	2287
	2290
	2292
	2294
	2297
	2299
	2301
	2304
	2306
	2308
	2311
	2313
	2315
	2317
	2320
	2322
	2325
	2327
	2329
	2331
	2334
	2336
	2338
	2341
	2343
	2345
	2348
	2350
	2352
	2355
	2357
	2359
	2361
	2364
	2366
	2369
	2371
	2373
	2375
	2378
	2380
	2383
	2385
	2387
	2389
	2392
	2394
	2396
	2399
	2401
	2403
	2406
	2408
	2410
	2413
	2415
	2417
	2420
	2422
	2424
	2427
	2429
	2431
	2434
	2436
	2438
	2440
	2443
	2445
	2448
	2450
	2452
	2454
	2457
	2459
	2461
	2464
	2466
	2468
	2471
	2473
	2475
	2478
	2480
	2482
	2484
	2487
	2489
	2492
	2494
	2496
	2498
	2501
	2503
	2506
	2508
	2510
	2512
	2515
	2517
	2519
	2522
	2524
	2526
	2529
	2531
	2533
	2536
	2538
	2540
	2543
	2545
	2547
	2550
	2552
	2554
	2557
	2559
	2561
	2563
	2566
	2568
	2571
	2573
	2575
	2577
	2580
	2582
	2584
	2587
	2589
	2591
	2594
	2596
	2598
	2601
	2603
	2605
	2607
	2610
	2612
	2615
	2617
	2619
	2621
	2624
	2626
	2629
	2631
	2633
	2635
	2638
	2640
	2642
	2645
	2647
	2649
	2652
	2654
	2656
	2659
	2661
	2663
	2666
	2668
	2670
	2673
	2675
	2677
	2680
	2682
	2684
	2686
	2689
	2691
	2694
	2696
	2698
	2700
	2703
	2705
	2707
	2710
	2712
	2714
	2717
	2719
	2721
	0
	276
	279
	281
	284
	286
	288
	291
	293
	295
	298
	300
	302
	305
	307
	310
	312
	314
	317
	319
	321
	324
	326
	329
	331
	333
	336
	338
	340
	343
	345
	348
	350
	352
	355
	357
	359
	362
	364
	367
	369
	371
	374
	376
	378
	381
	383
	386
	388
	390
	393
	395
	397
	400
	402
	404
	407
	409
	412
	414
	416
	419
	421
	423
	426
	428
	431
	433
	435
	438
	440
	442
	445
	447
	450
	452
	454
	457
	459
	461
	464
	466
	469
	471
	473
	476
	478
	480
	483
	485
	488
	490
	492
	495
	497
	499
	502
	504
	506
	509
	511
	514
	516
	518
	521
	523
	525
	528
	530
	533
	535
	537
	540
	542
	544
	547
	549
	552
	554
	556
	559
	561
	563
	566
	568
	571
	573
	575
	578
	580
	582
	585
	587
	589
	592
	594
	597
	599
	601
	604
	606
	608
	611
	613
	616
	618
	620
	623
	625
	627
	630
	632
	635
	637
	639
	642
	644
	646
	649
	651
	654
	656
	658
	661
	663
	665
	668
	670
	673
	675
	677
	680
	682
	684
	687
	689
	691
	694
	696
	699
	701
	703
	706
	708
	710
	713
	715
	718
	720
	722
	725
	727
	729
	732
	734
	737
	739
	741
	744
	746
	748
	751
	753
	756
	758
	760
	763
	765
	767
	770
	772
	775
	777
	779
	782
	784
	786
	789
	791
	793
	796
	798
	801
	803
	805
	808
	810
	812
	815
	817
	820
	822
	824
	827
	829
	831
	834
	836
	839
	841
	843
	846
	848
	850
	853
	855
	858
	860
	862
	865
	867
	869
	872
	874
	876
	879
	881
	884
	886
	888
	891
	893
	895
	898
	900
	903
	905
	907
	910
	912
	914
	917
	919
	922
	924
	926
	929
	931
	933
	936
	938
	941
	943
	945
	953
	955
	957
	960
	962
	965
	967
	969
	972
	974
	976
	979
	981
	984
	986
	988
	991
	993
	995
	998
	1000
	1003
	1005
	1007
	1010
	1012
	1014
	1017
	1019
	1022
	1024
	1027
	1029
	1031
	1034
	1036
	1038
	1041
	1043
	1046
	1048
	1050
	1053
	1055
	1057
	1060
	1062
	1065
	1067
	1069
	1072
	1074
	1076
	1079
	1081
	1084
	1086
	1088
	1091
	1093
	1095
	1098
	1100
	1102
	1105
	1107
	1110
	1112
	1114
	1117
	1119
	1122
	1124
	1126
	1129
	1131
	1134
	1136
	1138
	1141
	1143
	1146
	1148
	1150
	1153
	1155
	1157
	1160
	1162
	1164
	1167
	1169
	1172
	1174
	1176
	1179
	1181
	1183
	1186
	1188
	1191
	1193
	1195
	1198
	1200
	1202
	1205
	1207
	1210
	1212
	1214
	1217
	1219
	1221
	1224
	1226
	1229
	1231
	1234
	1236
	1238
	1241
	1243
	1245
	1248
	1250
	1253
	1255
	1257
	1260
	1262
	1264
	1267
	1269
	1272
	1274
	1276
	1279
	1281
	1283
	1286
	1288
	1291
	1293
	1295
	1298
	1300
	1302
	1305
	1307
	1310
	1312
	1314
	1317
	1319
	1321
	1324
	1326
	1328
	1331
	1333
	1336
	1338
	1340
	1343
	1345
	1348
	1350
	1352
	1355
	1357
	1360
	1362
	1364
	1367
	1369
	1372
	1374
	1376
	1379
	1381
	1383
	1386
	1388
	1391
	1393
	1395
	1398
	1400
	1402
	1405
	1407
	1409
	1412
	1414
	1417
	1419
	1421
	1424
	1426
	1428
	1431
	1433
	1436
	1438
	1440
	1443
	1445
	1447
	1450
	1452
	1455
	1457
	1459
	1462
	1464
	1466
	1469
	1471
	1474
	1476
	1478
	1481
	1483
	1486
	1488
	1490
	1493
	1495
	1498
	1500
	1502
	1505
	1507
	1509
	1512
	1514
	1517
	1519
	1521
	1524
	1526
	1528
	1531
	1533
	1536
	1538
	1540
	1543
	1545
	1547
	1550
	1552
	1555
	1557
	1559
	1562
	1564
	1566
	1569
	1571
	1573
	1576
	1578
	1581
	1583
	1585
	1588
	1590
	1592
	1595
	1597
	1600
	1602
	1604
	1607
	1609
	1612
	1614
	1616
	1619
	1621
	1624
	1626
	1628
	1631
	1633
	1635
	1638
	1640
	1643
	1645
	1647
	1650
	1652
	1654
	1657
	1659
	1662
	1664
	1666
	1669
	1671
	1673
	1676
	1678
	1681
	1683
	1685
	1688
	1690
	1692
	1695
	1697
	1700
	1702
	1704
	1707
	1709
	1711
	1714
	1716
	1718
	1721
	1723
	1726
	1728
	1730
	1733
	1735
	1738
	1740
	1742
	1745
	1747
	1749
	1752
	1754
	1757
	1759
	1761
	1764
	1766
	1769
	1771
	1886
	1889
	1891
	1893
	1896
	1898
	1900
	1903
	1905
	1908
	1910
	1912
	1915
	1917
	1919
	1922
	1924
	1927
	1929
	1931
	1934
	1936
	1938
	1941
	1943
	1952
	1954
	1956
	1959
	1961
	1963
	1966
	1968
	1970
	1973
	1975
	1978
	1980
	1982
	1985
	1987
	1989
	1992
	1994
	1997
	1999
	2001
	2004
	2006
	2009
	2011
	2013
	2016
	2018
	2020
	2023
	2025
	2028
	2030
	2032
	2035
	2037
	2040
	2042
	2044
	2047
	2049
	2051
	2054
	2056
	2059
	2061
	2063
	2066
	2068
	2070
	2073
	2075
	2078
	2080
	2082
	2085
	2087
	2089
	2092
	2094
	2097
	2099
	2101
	2104
	2106
	2108
	2111
	2113
	2116
	2118
	2120
	2123
	2125
	2127
	2130
	2132
	2134
	2137
	2139
	2142
	2144
	2146
	2149
	2151
	2154
	2156
	2158
	2161
	2163
	2166
	2168
	2170
	2173
	2175
	2178
	2180
	2182
	2185
	2187
	2189
	2192
	2194
	2196
	2199
	2201
	2204
	2206
	2208
	2211
	2213
	2215
	2218
	2220
	2223
	2225
	2227
	2230
	2232
	2234
	2237
	2239
	2242
	2244
	2246
	2249
	2251
	2253
	2256
	2258
	2261
	2263
	2265
	2268
	2270
	2272
	2275
	2277
	2280
	2282
	2284
	2287
	2289
	2292
	2294
	2296
	2299
	2301
	2303
	2306
	2308
	2311
	2313
	2315
	2318
	2320
	2323
	2325
	2327
	2330
	2332
	2334
	2337
	2339
	2342
	2344
	2346
	2349
	2351
	2353
	2356
	2358
	2360
	2363
	2365
	2368
	2370
	2372
	2375
	2377
	2379
	2382
	2384
	2387
	2389
	2391
	2394
	2396
	2398
	2401
	2403
	2406
	2408
	2410
	2413
	2415
	2417
	2420
	2422
	2425
	2427
	2429
	2432
	2434
	2437
	2439
	2441
	2444
	2446
	2449
	2451
	2453
	2456
	2458
	2460
	2463
	2465
	2468
	2470
	2472
	2475
	2477
	2479
	2482
	2484
	2487
	2489
	2491
	2494
	2496
	2498
	2501
	2503
	2506
	2508
	2510
	2513
	2515
	2517
	2520
	2522
	2524
	2527
	2529
	2532
	2534
	2536
	2539
	2541
	2543
	2546
	2548
	2551
	2553
	2555
	2558
	2560
	2563
	2565
	2567
	2570
	2572
	2574
	2577
	2579
	2582
	2584
	2586
	2589
	2591
	2594
	2596
	2598
	2601
	2603
	2605
	2608
	2610
	2613
	2615
	2617
	2620
	2622
	2624
	2627
	2629
	2632
	2634
	2636
	2639
	2641
	2643
	2646
	2648
	2651
	2653
	2655
	2658
	2660
	2662
	2665
	2667
	2670
	2672
	2674
	2677
	2679
	2681
	2684
	2686
	2689
	2691
	2693
	2696
	2698
	2700
	2703
	2705
	2708
	2710
	2712
	2715
	2717
	2720
	2722
	2724
	2727
	2729
	2732
	2734
	2736
	2739
	2741
	2743
	2746
	2748
	2750
	2753
	2755
	2758
	2760
	2762
	2765
	2767
	2769
	2772
